425	425
30
391	264	391	294	11	9
374	294	391	294	9	11
374	294	374	325	11	9
322	325	374	325	9	11
9	325	40	325	6	11
9	131	9	325	6	11
9	131	40	131	11	6
261	251	322	251	8	5
322	251	322	264	8	5
261	130	392	130	11	3
392	130	392	221	11	3
40	131	173	131	11	3
40	131	40	221	3	6
261	130	261	221	3	7
173	130	261	130	11	7
173	130	173	221	7	3
392	221	392	264	11	8
322	264	392	264	8	9
261	221	392	221	3	8
322	264	322	280	9	5
322	280	322	325	9	4
261	280	322	280	5	4
173	221	261	221	7	2
40	221	173	221	3	2
40	221	40	325	2	6
40	325	261	325	2	11
261	325	322	325	4	11
261	280	261	325	4	2
261	221	261	251	8	2
261	251	261	280	5	2
40	241	40	294	door	1	1	
261	164	261	185	door	1	1	
173	165	173	185	door	1	1	
392	224	392	245	door	1	1	
40	147	40	205	door	1	1	
322	281	322	307	door	1	1	
261	223	261	247	door	1	1	
42	221	126	221	door	1	1	
325	264	351	264	door	1	1	
293	251	320	251	door	1	1	
265	221	291	221	door	1	1	
368	223	388	261	entrance	1	1	
